%YAML:1.0
CM1: !!opencv-matrix
   rows: 3
   cols: 3
   dt: d
   data: [ 8.1865632796652733e+02, 0., 3.2437155636311428e+02, 0.,
       8.1629073353872809e+02, 1.1195287699947362e+02, 0., 0., 1. ]
CM2: !!opencv-matrix
   rows: 3
   cols: 3
   dt: d
   data: [ 8.1865632796652733e+02, 0., 3.2452123818317460e+02, 0.,
       8.1629073353872809e+02, 1.0987381200206084e+02, 0., 0., 1. ]
D1: !!opencv-matrix
   rows: 1
   cols: 5
   dt: d
   data: [ -3.7873062256559042e-01, 1.4459757795042943e-02, 0., 0.,
       5.2748181389530135e-01 ]
D2: !!opencv-matrix
   rows: 1
   cols: 5
   dt: d
   data: [ -4.2694692382286736e-01, 6.1557799128089463e-01, 0., 0.,
       -1.7236592358172629e+00 ]
R: !!opencv-matrix
   rows: 3
   cols: 3
   dt: d
   data: [ 9.9923399546676295e-01, 6.1463783658791326e-03,
       -3.8647695099611974e-02, -5.6705268447183460e-03,
       9.9990691253483144e-01, 1.2410132568357197e-02,
       3.8720374853976391e-02, -1.2181473558002922e-02,
       9.9917583251053621e-01 ]
T: !!opencv-matrix
   rows: 3
   cols: 1
   dt: d
   data: [ -1.9877178978164660e+00, 5.3840348844277170e-03,
       -9.3226919454264784e-02 ]
E: !!opencv-matrix
   rows: 3
   cols: 3
   dt: d
   data: [ -3.2017390046387684e-04, 9.3152655718067301e-02,
       6.5365559672808174e-03, -1.6190325103931587e-02,
       -2.4786340933871682e-02, 1.9896826909050049e+00,
       5.8914970099962502e-03, -1.9875659585114229e+00,
       -2.4459762081779590e-02 ]
F: !!opencv-matrix
   rows: 3
   cols: 3
   dt: d
   data: [ 2.2841689026992882e-08, -6.6649099408159777e-06,
       3.5698447466955683e-04, 1.1583895048233942e-06,
       1.7785587696600234e-06, -1.1711740617230261e-01,
       -4.7877732007275801e-04, 1.1838604630920205e-01, 1. ]
R1: !!opencv-matrix
   rows: 3
   cols: 3
   dt: d
   data: [ 9.9996250457848279e-01, 2.8634916650900903e-03,
       8.1725058954835415e-03, -2.9140229269564010e-03,
       9.9997667083104125e-01, 6.1778850789334103e-03,
       -8.1546249152812823e-03, -6.2014683060784238e-03,
       9.9994752056462433e-01 ]
R2: !!opencv-matrix
   rows: 3
   cols: 3
   dt: d
   data: [ 9.9889828035408190e-01, -2.7056672344346069e-03,
       4.6849811851005049e-02, 2.9956831849026933e-03,
       9.9997677795558104e-01, -6.1212279675120756e-03,
       -4.6832161896647025e-02, 6.2548312839810260e-03,
       9.9888318921568364e-01 ]
P1: !!opencv-matrix
   rows: 3
   cols: 4
   dt: d
   data: [ 7.4578589627097540e+02, 0., 3.0118664550781250e+02, 0., 0.,
       7.4578589627097540e+02, 1.0583568286895752e+02, 0., 0., 0., 1.,
       0. ]
P2: !!opencv-matrix
   rows: 3
   cols: 4
   dt: d
   data: [ 7.4578589627097540e+02, 0., 3.0118664550781250e+02,
       -1.4840469776676741e+03, 0., 7.4578589627097540e+02,
       1.0583568286895752e+02, 0., 0., 0., 1., 0. ]
Q: !!opencv-matrix
   rows: 4
   cols: 4
   dt: d
   data: [ 1., 0., 0., -3.0118664550781250e+02, 0., 1., 0.,
       -1.0583568286895752e+02, 0., 0., 0., 7.4578589627097540e+02, 0.,
       0., 5.0253523472892436e-01, 0. ]
